 0.00000000e+00  1.20617766e-07 
 1.00000000e-08  1.20618509e-07 
 2.00000000e-08  1.20619167e-07 
 4.00000000e-08  1.20620495e-07 
 8.00000000e-08  1.20623168e-07 
 1.60000000e-07  1.20628517e-07 
 3.20000000e-07  1.20639271e-07 
 6.40000000e-07  1.20660979e-07 
 1.28000000e-06  1.20705230e-07 
 2.28000000e-06  1.20775935e-07 
 3.28000000e-06  1.20844100e-07 
 4.28000000e-06  1.20888794e-07 
 5.28000000e-06  1.20832262e-07 
 6.28000000e-06  1.20403585e-07 
 7.28000000e-06  1.18685517e-07 
 8.28000000e-06  1.12592695e-07 
 9.28000000e-06  9.98463625e-08 
 1.02800000e-05  4.99374613e-05 
 1.12800000e-05  3.00246750e-03 
 1.22800000e-05  9.26136826e-03 
 1.32800000e-05  1.57599652e-02 
 1.42800000e-05  2.21842718e-02 
 1.52800000e-05  2.86284775e-02 
 1.62800000e-05  3.50491016e-02 
 1.72800000e-05  4.14714266e-02 
 1.82800000e-05  4.78798814e-02 
 1.92800000e-05  5.42877630e-02 
 2.00000000e-05  5.88940896e-02 
 2.01000000e-05  5.95350173e-02 
 2.03000000e-05  6.08154652e-02 
 2.07000000e-05  6.33752993e-02 
 2.15000000e-05  6.84930872e-02 
 2.25000000e-05  7.48860085e-02 
 2.35000000e-05  8.12749367e-02 
 2.45000000e-05  8.76596710e-02 
 2.55000000e-05  9.40408123e-02 
 2.65000000e-05  1.00418059e-01 
 2.75000000e-05  1.06791887e-01 
 2.85000000e-05  1.13162007e-01 
 2.95000000e-05  1.19528817e-01 
 3.05000000e-05  1.25892031e-01 
 3.15000000e-05  1.32251992e-01 
 3.25000000e-05  1.38608428e-01 
 3.35000000e-05  1.44961637e-01 
 3.45000000e-05  1.51311366e-01 
 3.55000000e-05  1.57657878e-01 
 3.65000000e-05  1.64000937e-01 
 3.75000000e-05  1.70340778e-01 
 3.85000000e-05  1.76677182e-01 
 3.95000000e-05  1.83010356e-01 
 4.05000000e-05  1.89340101e-01 
 4.15000000e-05  1.95666600e-01 
 4.25000000e-05  2.01989670e-01 
 4.35000000e-05  2.08309471e-01 
 4.45000000e-05  2.14625834e-01 
 4.55000000e-05  2.20938901e-01 
 4.65000000e-05  2.27248514e-01 
 4.75000000e-05  2.33554796e-01 
 4.85000000e-05  2.39857601e-01 
 4.95000000e-05  2.46157033e-01 
 5.05000000e-05  2.52452953e-01 
 5.15000000e-05  2.58745448e-01 
 5.25000000e-05  2.65034383e-01 
 5.35000000e-05  2.71319828e-01 
 5.45000000e-05  2.77601650e-01 
 5.55000000e-05  2.83879898e-01 
 5.65000000e-05  2.90154438e-01 
 5.75000000e-05  2.96425297e-01 
 5.85000000e-05  3.02692335e-01 
 5.95000000e-05  3.08955556e-01 
 6.05000000e-05  3.15214806e-01 
 6.15000000e-05  3.21470061e-01 
 6.25000000e-05  3.27721151e-01 
 6.35000000e-05  3.33968020e-01 
 6.45000000e-05  3.40210477e-01 
 6.55000000e-05  3.46448426e-01 
 6.65000000e-05  3.52681621e-01 
 6.75000000e-05  3.58909740e-01 
 6.85000000e-05  3.65131606e-01 
 6.95000000e-05  3.71344607e-01 
 7.05000000e-05  3.77545925e-01 
 7.15000000e-05  3.83735225e-01 
 7.25000000e-05  3.89913421e-01 
 7.35000000e-05  3.96080450e-01 
 7.45000000e-05  4.02235319e-01 
 7.55000000e-05  4.08376823e-01 
 7.65000000e-05  4.14503422e-01 
 7.75000000e-05  4.20613486e-01 
 7.85000000e-05  4.26705131e-01 
 7.95000000e-05  4.32776321e-01 
 8.05000000e-05  4.38824749e-01 
 8.15000000e-05  4.44847934e-01 
 8.25000000e-05  4.50843119e-01 
 8.35000000e-05  4.56807366e-01 
 8.45000000e-05  4.62737472e-01 
 8.55000000e-05  4.68630069e-01 
 8.65000000e-05  4.74481557e-01 
 8.75000000e-05  4.80288211e-01 
 8.85000000e-05  4.86046131e-01 
 8.95000000e-05  4.91751357e-01 
 9.05000000e-05  4.97399836e-01 
 9.15000000e-05  5.02987535e-01 
 9.25000000e-05  5.08510428e-01 
 9.35000000e-05  5.13964599e-01 
 9.45000000e-05  5.19346237e-01 
 9.55000000e-05  5.24651730e-01 
 9.65000000e-05  5.29877661e-01 
 9.75000000e-05  5.35020888e-01 
 9.85000000e-05  5.40078529e-01 
 9.95000000e-05  5.45048035e-01 
 1.00500000e-04  5.49927163e-01 
 1.01500000e-04  5.54714026e-01 
 1.02500000e-04  5.59407073e-01 
 1.03500000e-04  5.64005113e-01 
 1.04500000e-04  5.68507294e-01 
 1.05500000e-04  5.72913114e-01 
 1.06500000e-04  5.77222393e-01 
 1.07500000e-04  5.81435283e-01 
 1.08500000e-04  5.85552226e-01 
 1.09500000e-04  5.89573963e-01 
 1.10500000e-04  5.93501485e-01 
 1.11500000e-04  5.97336037e-01 
 1.12500000e-04  6.01079072e-01 
 1.13500000e-04  6.04732239e-01 
 1.14500000e-04  6.08297346e-01 
 1.15500000e-04  6.11776343e-01 
 1.16500000e-04  6.15171281e-01 
 1.17500000e-04  6.18484306e-01 
 1.18500000e-04  6.21717614e-01 
 1.19500000e-04  6.24873448e-01 
 1.20500000e-04  6.27954065e-01 
 1.21500000e-04  6.30961727e-01 
 1.22500000e-04  6.33898680e-01 
 1.23500000e-04  6.36767152e-01 
 1.24500000e-04  6.39569329e-01 
 1.25500000e-04  6.42307360e-01 
 1.26500000e-04  6.44983342e-01 
 1.27500000e-04  6.47599322e-01 
 1.28500000e-04  6.50157286e-01 
 1.29500000e-04  6.52659165e-01 
 1.30500000e-04  6.55106827e-01 
 1.31500000e-04  6.57502083e-01 
 1.32500000e-04  6.59846679e-01 
 1.33500000e-04  6.62142303e-01 
 1.34500000e-04  6.64390584e-01 
 1.35500000e-04  6.66593093e-01 
 1.36500000e-04  6.68751343e-01 
 1.37500000e-04  6.70866794e-01 
 1.38500000e-04  6.72940852e-01 
 1.39500000e-04  6.74974870e-01 
 1.40500000e-04  6.76970155e-01 
 1.41500000e-04  6.78927962e-01 
 1.42500000e-04  6.80849502e-01 
 1.43500000e-04  6.82735942e-01 
 1.44500000e-04  6.84588406e-01 
 1.45500000e-04  6.86407978e-01 
 1.46500000e-04  6.88195700e-01 
 1.47500000e-04  6.89952581e-01 
 1.48500000e-04  6.91679589e-01 
 1.49500000e-04  6.93377662e-01 
 1.50500000e-04  6.95047702e-01 
 1.51500000e-04  6.96690580e-01 
 1.52500000e-04  6.98307135e-01 
 1.53500000e-04  6.99898181e-01 
 1.54500000e-04  7.01464498e-01 
 1.55500000e-04  7.03006844e-01 
 1.56500000e-04  7.04525947e-01 
 1.57500000e-04  7.06022512e-01 
 1.58500000e-04  7.07497221e-01 
 1.59500000e-04  7.08950730e-01 
 1.60500000e-04  7.10383674e-01 
 1.61500000e-04  7.11796668e-01 
 1.62500000e-04  7.13190302e-01 
 1.63500000e-04  7.14565151e-01 
 1.64500000e-04  7.15921766e-01 
 1.65500000e-04  7.17260684e-01 
 1.66500000e-04  7.18582419e-01 
 1.67500000e-04  7.19887472e-01 
 1.68500000e-04  7.21176324e-01 
 1.69500000e-04  7.22449441e-01 
 1.70500000e-04  7.23707273e-01 
 1.71500000e-04  7.24950256e-01 
 1.72500000e-04  7.26178809e-01 
 1.73500000e-04  7.27393340e-01 
 1.74500000e-04  7.28594240e-01 
 1.75500000e-04  7.29781888e-01 
 1.76500000e-04  7.30956652e-01 
 1.77500000e-04  7.32118885e-01 
 1.78500000e-04  7.33268930e-01 
 1.79500000e-04  7.34407117e-01 
 1.80500000e-04  7.35533767e-01 
 1.81500000e-04  7.36649188e-01 
 1.82500000e-04  7.37753678e-01 
 1.83500000e-04  7.38847527e-01 
 1.84500000e-04  7.39931015e-01 
 1.85500000e-04  7.41004410e-01 
 1.86500000e-04  7.42067973e-01 
 1.87500000e-04  7.43121958e-01 
 1.88500000e-04  7.44166609e-01 
 1.89500000e-04  7.45202161e-01 
 1.90500000e-04  7.46228843e-01 
 1.91500000e-04  7.47246876e-01 
 1.92500000e-04  7.48256474e-01 
 1.93500000e-04  7.49257844e-01 
 1.94500000e-04  7.50251187e-01 
 1.95500000e-04  7.51236697e-01 
 1.96500000e-04  7.52214561e-01 
 1.97500000e-04  7.53184962e-01 
 1.98500000e-04  7.54148076e-01 
 1.99500000e-04  7.55104075e-01 
 2.00500000e-04  7.56053122e-01 
 2.01500000e-04  7.56995380e-01 
 2.02500000e-04  7.57931003e-01 
 2.03500000e-04  7.58860143e-01 
 2.04500000e-04  7.59782946e-01 
 2.05500000e-04  7.60699554e-01 
 2.06500000e-04  7.61610104e-01 
 2.07500000e-04  7.62514730e-01 
 2.08500000e-04  7.63413562e-01 
 2.09500000e-04  7.64306726e-01 
 2.10500000e-04  7.65194345e-01 
 2.11500000e-04  7.66076536e-01 
 2.12500000e-04  7.66953416e-01 
 2.13500000e-04  7.67825096e-01 
 2.14500000e-04  7.68691685e-01 
 2.15500000e-04  7.69553290e-01 
 2.16500000e-04  7.70410012e-01 
 2.17500000e-04  7.71261954e-01 
 2.18500000e-04  7.72109210e-01 
 2.19500000e-04  7.72951878e-01 
 2.20500000e-04  7.73790048e-01 
 2.21500000e-04  7.74623810e-01 
 2.22500000e-04  7.75453251e-01 
 2.23500000e-04  7.76278457e-01 
 2.24500000e-04  7.77099511e-01 
 2.25500000e-04  7.77916492e-01 
 2.26500000e-04  7.78729480e-01 
 2.27500000e-04  7.79538550e-01 
 2.28500000e-04  7.80343778e-01 
 2.29500000e-04  7.81145236e-01 
 2.30500000e-04  7.81942994e-01 
 2.31500000e-04  7.82737123e-01 
 2.32500000e-04  7.83527688e-01 
 2.33500000e-04  7.84314756e-01 
 2.34500000e-04  7.85098391e-01 
 2.35500000e-04  7.85878655e-01 
 2.36500000e-04  7.86655609e-01 
 2.37500000e-04  7.87429313e-01 
 2.38500000e-04  7.88199825e-01 
 2.39500000e-04  7.88967201e-01 
 2.40500000e-04  7.89731496e-01 
 2.41500000e-04  7.90492766e-01 
 2.42500000e-04  7.91251062e-01 
 2.43500000e-04  7.92006436e-01 
 2.44500000e-04  7.92758938e-01 
 2.45500000e-04  7.93508618e-01 
 2.46500000e-04  7.94255524e-01 
 2.47500000e-04  7.94999703e-01 
 2.48500000e-04  7.95741200e-01 
 2.49500000e-04  7.96480061e-01 
 2.50500000e-04  7.97216330e-01 
 2.51500000e-04  7.97950049e-01 
 2.52500000e-04  7.98681260e-01 
 2.53500000e-04  7.99410006e-01 
 2.54500000e-04  8.00136325e-01 
 2.55500000e-04  8.00860257e-01 
 2.56500000e-04  8.01581841e-01 
 2.57500000e-04  8.02301114e-01 
 2.58500000e-04  8.03018114e-01 
 2.59500000e-04  8.03732875e-01 
 2.60500000e-04  8.04445435e-01 
 2.61500000e-04  8.05155827e-01 
 2.62500000e-04  8.05864084e-01 
 2.63500000e-04  8.06570241e-01 
 2.64500000e-04  8.07274330e-01 
 2.65500000e-04  8.07976383e-01 
 2.66500000e-04  8.08676430e-01 
 2.67500000e-04  8.09374503e-01 
 2.68500000e-04  8.10070631e-01 
 2.69500000e-04  8.10764843e-01 
 2.70500000e-04  8.11457169e-01 
 2.71500000e-04  8.12147637e-01 
 2.72500000e-04  8.12836274e-01 
 2.73500000e-04  8.13523107e-01 
 2.74500000e-04  8.14208163e-01 
 2.75500000e-04  8.14891467e-01 
 2.76500000e-04  8.15573047e-01 
 2.77500000e-04  8.16252926e-01 
 2.78500000e-04  8.16931128e-01 
 2.79500000e-04  8.17607679e-01 
 2.80500000e-04  8.18282602e-01 
 2.81500000e-04  8.18955920e-01 
 2.82500000e-04  8.19627655e-01 
 2.83500000e-04  8.20297831e-01 
 2.84500000e-04  8.20966468e-01 
 2.85500000e-04  8.21633589e-01 
 2.86500000e-04  8.22299215e-01 
 2.87500000e-04  8.22963366e-01 
 2.88500000e-04  8.23626062e-01 
 2.89500000e-04  8.24287324e-01 
 2.90500000e-04  8.24947172e-01 
 2.91500000e-04  8.25605623e-01 
 2.92500000e-04  8.26262699e-01 
 2.93500000e-04  8.26918416e-01 
 2.94500000e-04  8.27572793e-01 
 2.95500000e-04  8.28225848e-01 
 2.96500000e-04  8.28877599e-01 
 2.97500000e-04  8.29528063e-01 
 2.98500000e-04  8.30177256e-01 
 2.99500000e-04  8.30825197e-01 
 3.00500000e-04  8.31471900e-01 
 3.01500000e-04  8.32117382e-01 
 3.02500000e-04  8.32761659e-01 
 3.03500000e-04  8.33404747e-01 
 3.04500000e-04  8.34046660e-01 
 3.05500000e-04  8.34687414e-01 
 3.06500000e-04  8.35327023e-01 
 3.07500000e-04  8.35965503e-01 
 3.08500000e-04  8.36602866e-01 
 3.09500000e-04  8.37239128e-01 
 3.10500000e-04  8.37874302e-01 
 3.11500000e-04  8.38508401e-01 
 3.12500000e-04  8.39141440e-01 
 3.13500000e-04  8.39773430e-01 
 3.14500000e-04  8.40404385e-01 
 3.15500000e-04  8.41034318e-01 
 3.16500000e-04  8.41663241e-01 
 3.17500000e-04  8.42291167e-01 
 3.18500000e-04  8.42918106e-01 
 3.19500000e-04  8.43544072e-01 
 3.20500000e-04  8.44169076e-01 
 3.21500000e-04  8.44793129e-01 
 3.22500000e-04  8.45416243e-01 
 3.23500000e-04  8.46038429e-01 
 3.24500000e-04  8.46659697e-01 
 3.25500000e-04  8.47280059e-01 
 3.26500000e-04  8.47899526e-01 
 3.27500000e-04  8.48518106e-01 
 3.28500000e-04  8.49135812e-01 
 3.29500000e-04  8.49752652e-01 
 3.30500000e-04  8.50368637e-01 
 3.31500000e-04  8.50983776e-01 
 3.32500000e-04  8.51598080e-01 
 3.33500000e-04  8.52211558e-01 
 3.34500000e-04  8.52824218e-01 
 3.35500000e-04  8.53436071e-01 
 3.36500000e-04  8.54047125e-01 
 3.37500000e-04  8.54657389e-01 
 3.38500000e-04  8.55266872e-01 
 3.39500000e-04  8.55875582e-01 
 3.40500000e-04  8.56483529e-01 
 3.41500000e-04  8.57090720e-01 
 3.42500000e-04  8.57697163e-01 
 3.43500000e-04  8.58302868e-01 
 3.44500000e-04  8.58907841e-01 
 3.45500000e-04  8.59512090e-01 
 3.46500000e-04  8.60115624e-01 
 3.47500000e-04  8.60718450e-01 
 3.48500000e-04  8.61320576e-01 
 3.49500000e-04  8.61922009e-01 
 3.50500000e-04  8.62522755e-01 
 3.51500000e-04  8.63122824e-01 
 3.52500000e-04  8.63722220e-01 
 3.53500000e-04  8.64320953e-01 
 3.54500000e-04  8.64919027e-01 
 3.55500000e-04  8.65516451e-01 
 3.56500000e-04  8.66113231e-01 
 3.57500000e-04  8.66709373e-01 
 3.58500000e-04  8.67304884e-01 
 3.59500000e-04  8.67899770e-01 
 3.60500000e-04  8.68494039e-01 
 3.61500000e-04  8.69087694e-01 
 3.62500000e-04  8.69680744e-01 
 3.63500000e-04  8.70273194e-01 
 3.64500000e-04  8.70865050e-01 
 3.65500000e-04  8.71456317e-01 
 3.66500000e-04  8.72047002e-01 
 3.67500000e-04  8.72637110e-01 
 3.68500000e-04  8.73226648e-01 
 3.69500000e-04  8.73815619e-01 
 3.70500000e-04  8.74404031e-01 
 3.71500000e-04  8.74991887e-01 
 3.72500000e-04  8.75579195e-01 
 3.73500000e-04  8.76165957e-01 
 3.74500000e-04  8.76752181e-01 
 3.75500000e-04  8.77337871e-01 
 3.76500000e-04  8.77923032e-01 
 3.77500000e-04  8.78507669e-01 
 3.78500000e-04  8.79091787e-01 
 3.79500000e-04  8.79675390e-01 
 3.80500000e-04  8.80258484e-01 
 3.81500000e-04  8.80841073e-01 
 3.82500000e-04  8.81423161e-01 
 3.83500000e-04  8.82004754e-01 
 3.84500000e-04  8.82585855e-01 
 3.85500000e-04  8.83166470e-01 
 3.86500000e-04  8.83746602e-01 
 3.87500000e-04  8.84326256e-01 
 3.88500000e-04  8.84905436e-01 
 3.89500000e-04  8.85484146e-01 
 3.90500000e-04  8.86062390e-01 
 3.91500000e-04  8.86640173e-01 
 3.92500000e-04  8.87217499e-01 
 3.93500000e-04  8.87794371e-01 
 3.94500000e-04  8.88370793e-01 
 3.95500000e-04  8.88946769e-01 
 3.96500000e-04  8.89522304e-01 
 3.97500000e-04  8.90097400e-01 
 3.98500000e-04  8.90672061e-01 
 3.99500000e-04  8.91246292e-01 
 4.00000000e-04  8.91533247e-01 
